1000
4.13397 -1.0469 7.99679
4.71397 -1.16986 9.15997
3.19847 -0.794148 6.17427
5.76341 -1.44068 11.1872
3.12432 -0.774143 6.05461
5.45355 -1.363 10.5389
6.84957 -1.71467 13.2515
10.6467 -2.66851 20.5525
18.9324 -4.79856 36.6432
17.3075 -4.32483 33.5747
16.0036 -4.04087 30.9767
16.8189 -4.21477 32.4697
13.1742 -3.28709 25.4706
14.5767 -3.59027 28.1982
23.1767 -5.78153 44.8531
19.0837 -4.71914 36.9997
2.45794 -0.605135 4.73614
2.28055 -0.563428 4.38084
8.4509 -2.06367 16.2938
4.59675 -1.11657 8.87259
6.27179 -1.54455 12.0639
6.00225 -1.47466 11.5629
7.40652 -1.79845 14.2722
9.16446 -2.26211 17.6287
6.68115 -1.64026 12.8085
8.10491 -1.97976 15.6376
8.25299 -2.00621 15.899
11.0501 -2.72149 21.3128
15.4066 -3.77003 29.7967
18.707 -4.65668 35.9895
21.8667 -5.3227 42.2234
17.4505 -4.31538 33.5553
14.1491 -3.50087 27.208
18.2233 -4.46971 35.1981
16.2232 -3.95727 31.3671
21.2679 -5.24877 40.852
15.0426 -3.68888 28.9262
16.1039 -3.95212 30.9587
16.681 -4.07943 32.073
19.6891 -4.80839 37.7978
1.37471 -0.33398 2.63612
23.5537 -5.70341 45.1719
2.66934 -0.64589 5.11101
6.67663 -1.61005 12.827
2.8937 -0.703387 5.53189
2.77991 -0.669341 5.3264
2.11952 -0.510832 4.05901
2.71751 -0.648459 5.19806
5.21086 -1.26291 10.0135
5.37195 -1.30276 10.3188
3.73198 -0.905387 7.15949
4.6195 -1.12828 8.8468
5.5434 -1.32895 10.6573
5.7495 -1.38746 11.0025
6.75356 -1.63744 12.909
4.47687 -1.083 8.55317
9.239 -2.21188 17.7709
23.7513 -5.66745 45.3866
10.4791 -2.52798 20.0786
7.50718 -1.80803 14.3917
23.5025 -5.68576 45.121
18.52 -4.40133 35.5497
17.26 -4.16184 33.0123
23.7086 -5.68057 45.4738
7.35553 -1.77624 14.0433
15.5878 -3.76594 29.752
19.9242 -4.72754 38.1794
19.9001 -4.71518 38.1248
-4.60399 -4.57506 3.77387
-3.74128 -3.71137 3.06792
-13.0518 -12.9304 10.6861
-5.34431 -5.32266 4.38644
-2.52145 -2.50919 2.07027
-2.13446 -2.12596 1.75235
-10.6195 -10.5612 8.75134
-2.90295 -2.88452 2.39364
-4.32011 -4.30042 3.56403
-6.88027 -6.81559 5.65351
-10.1492 -10.0829 8.33981
-6.69807 -6.67048 5.52837
-24.8874 -24.7306 20.4264
-18.4296 -18.3185 15.1535
-33.4755 -33.1592 27.5473
-15.5082 -15.4201 12.7818
-25.9156 -25.7359 21.3658
-28.194 -28.1162 23.2528
-2.4291 -2.42099 2.00825
-3.58302 -3.56271 2.97104
-7.39717 -7.34412 6.12301
-7.5315 -7.49452 6.2424
-7.57507 -7.53849 6.26995
-8.83698 -8.77873 7.33554
-6.43664 -6.41401 5.3499
-32.6392 -32.455 26.9766
-12.9987 -12.9046 10.751
-4.57099 -4.56857 3.80638
-23.8392 -23.871 19.8664
-10.8173 -10.7679 9.02046
-5.90768 -5.89193 4.93032
-4.80463 -4.81199 4.00976
-9.97448 -9.94063 8.32427
-11.1983 -11.2048 9.36107
-7.94856 -7.94385 6.65445
-11.8939 -11.9039 9.95169
-18.6226 -18.6336 15.5826
-14.8546 -14.8072 12.374
-34.6909 -34.6835 28.879
-33.9077 -33.7843 28.2551
-30.1885 -30.2383 25.1792
-25.7678 -25.7721 21.5658
-6.03114 -6.0279 5.06571
-11.97 -12.0029 10.0248
-11.6042 -11.5807 9.717
-7.15219 -7.18276 5.99184
-8.90403 -8.88312 7.45765
-5.16819 -5.17557 4.32978
-10.1793 -10.1823 8.53533
-9.88078 -9.88731 8.27792
-12.0627 -12.0553 10.1053
-5.63134 -5.62502 4.7455
-16.6748 -16.6893 13.9714
-3.78801 -3.79245 3.19952
-3.29342 -3.29549 2.78545
-9.89734 -9.95706 8.34965
-12.7366 -12.8014 10.7463
-6.82607 -6.82812 5.76897
-13.9433 -14.054 11.8074
-14.0874 -14.1161 11.9358
-8.53954 -8.60662 7.23877
-9.63241 -9.64164 8.14642
-27.3312 -27.5304 23.1151
-33.1548 -33.421 28.1372
-3.01945 -3.04098 2.5782
-8.7224 -8.78168 7.42006
-10.0338 -10.0766 8.54325
-6.19833 -6.22836 5.28074
-10.7483 -10.8681 9.18365
-34.6641 -34.8487 29.4763
-2.23648 -2.25148 1.9194
-11.6822 -11.8106 9.99275
-5.92892 -5.97149 5.0731
-27.4508 -27.676 23.4993
-17.7375 -17.915 15.2491
-3.68858 -3.72672 3.17329
-13.9903 -14.1046 12.0533
-5.4977 -5.5361 4.72801
-10.4499 -10.5524 8.99179
-5.15965 -5.20052 4.44546
-4.83594 -4.88542 4.17321
-12.3926 -12.5667 10.7164
-13.1734 -13.2609 11.3377
-22.094 -22.351 19.0335
-20.2002 -20.5087 17.4602
-8.68981 -8.8366 7.53362
-2.21924 -2.24485 1.92388
-18.8674 -19.1236 16.3659
-3.48945 -3.54312 3.02875
-5.57584 -5.66292 4.83412
-10.5433 -10.6915 9.16965
-6.86385 -6.97685 5.98131
-10.9162 -11.1122 9.5053
-18.1288 -18.3931 15.7157
-21.6686 -21.9409 18.7695
-32.9694 -33.5341 28.6021
-2.83828 -2.87541 2.4767
-3.35438 -3.39957 2.93301
-4.80697 -4.88178 4.20649
-8.17102 -8.32395 7.14368
-10.9963 -11.1959 9.59318
-12.1079 -12.3516 10.5938
-18.4063 -18.6634 16.0985
-26.0267 -26.5697 22.8092
-3.46518 -3.53225 3.04026
-4.02924 -4.10003 3.5358
-4.23551 -4.32135 3.71923
-2.90948 -2.96349 2.55734
-32.4946 -33.0308 28.5122
-5.4658 -5.54921 4.79634
-11.6418 -11.8517 10.2191
-5.39127 -5.46872 4.73365
-6.27293 -6.40854 5.52145
-7.16164 -7.31194 6.30708
-6.35149 -6.46855 5.59932
-7.33786 -7.50706 6.46944
-7.9437 -8.08887 7.00742
-5.25124 -5.37627 4.63478
-15.1317 -15.4034 13.3302
-14.4709 -14.7901 12.7664
-33.5602 -34.2635 29.5028
-34.3373 -34.8468 30.1866
-33.284 -33.9176 29.3439
-4.12563 -4.20219 3.64288
-4.94299 -5.02819 4.36968
-2.95362 -3.01172 2.61816
-4.48286 -4.59215 3.97889
-3.90472 -3.99405 3.46914
-9.29509 -9.4889 8.23848
-9.27005 -9.46592 8.21415
-16.6927 -17.0848 14.7704
-29.8158 -30.4192 26.3944
-33.8901 -34.6669 30.0187
-33.6822 -34.2911 29.8621
-1.59377 -1.62577 1.42045
-28.9561 -29.6966 25.8863
-5.39937 -5.50778 4.79938
-9.84549 -10.0725 8.75726
-7.5942 -7.79361 6.7691
-22.9207 -23.4778 20.4143
-5.86051 -5.9809 5.22574
-11.1594 -11.4214 9.96095
-14.5262 -14.8991 12.9606
-31.0772 -31.8752 27.6468
-18.683 -19.1247 16.6282
-23.3298 -23.874 20.7637
-21.6487 -22.148 19.4005
-4.75748 -4.90081 4.28174
-3.74662 -3.84422 3.37156
-8.19729 -8.38284 7.34745
-6.59027 -6.77542 5.92452
-9.60453 -9.87176 8.63536
-8.61664 -8.84064 7.75616
-12.3688 -12.6536 11.0913
-20.298 -20.856 18.2374
-16.2378 -16.6833 14.5933
-22.8535 -23.4957 20.459
-31.71 -32.591 28.4081
-16.7915 -17.2125 15.0688
-15.6297 -16.0843 14.0669
-2.68196 -2.75523 2.41756
-24.9416 -25.7289 22.5153
-9.64391 -9.92638 8.69292
-8.44701 -8.66627 7.62092
-5.10807 -5.25346 4.61957
-9.64441 -9.89852 8.7259
-18.4396 -18.9633 16.6104
-26.1864 -26.8332 23.5914
-31.8056 -32.785 28.6652
-23.3751 -24.0373 21.1259
-18.0595 -18.6397 16.335
-17.4449 -17.9339 15.7812
-17.1827 -17.7044 15.5664
-2.16977 -2.24047 1.96767
-1.75892 -1.81288 1.59494
-3.52962 -3.65117 3.20356
-5.13413 -5.2819 4.65573
-4.61151 -4.73956 4.18851
-26.4299 -27.2599 24.0049
-16.0699 -16.6091 14.6238
-5.63558 -5.83785 5.14563
-15.6884 -16.1816 14.3261
-12.4207 -12.8028 11.3524
-4.9122 -5.08498 4.49495
-5.78575 -5.99981 5.31484
-10.9198 -11.3253 10.0147
-11.2271 -11.6592 10.3047
-11.9348 -12.3103 10.9556
-28.6633 -29.6947 26.3277
-17.6508 -18.2504 16.2112
-16.4343 -17.0377 15.0423
-2.81213 -2.91316 2.58423
-2.39011 -2.4847 2.2065
-27.3947 -28.4342 25.3164
-7.48701 -7.78204 6.88306
-17.1688 -17.8046 15.8373
-10.6061 -11.0225 9.79718
-12.7522 -13.1773 11.7157
-29.0282 -30.0752 26.6847
-32.3196 -33.5775 29.8275
-33.4402 -34.7019 30.8818
-32.9357 -34.1902 30.4343
-2.79624 -2.92004 2.60154
-1.8784 -1.95519 1.74276
-12.8521 -13.3926 11.9559
-6.21324 -6.44393 5.76102
-9.60003 -9.96619 8.88164
-11.3128 -11.7662 10.4702
-12.6747 -13.1415 11.7446
-9.20972 -9.59933 8.55109
-10.5701 -10.9501 9.81205
-28.4691 -29.7073 26.4216
-22.6392 -23.6153 21.0379
-32.2354 -33.3624 29.8055
-31.5462 -32.8875 29.2768
-6.82149 -7.12852 6.36813
-4.48767 -4.69064 4.20515
-9.14701 -9.56604 8.54535
-24.3964 -25.4503 22.7858
-23.3068 -24.2601 21.7746
-18.404 -19.2212 17.1932
-24.4145 -25.5263 22.8232
-11.4077 -11.9415 10.6722
-15.8882 -16.6092 14.8633
-10.942 -11.4344 10.2519
-28.1394 -29.257 26.3198
-9.20209 -9.5797 8.62873
-3.93067 -4.08764 3.68607
-4.60136 -4.79392 4.33374
-13.6532 -14.211 12.8298
-27.9093 -29.1706 26.2279
-1.67607 -1.75277 1.58354
-8.19314 -8.60589 7.75249
-22.8782 -23.862 21.6132
-9.40155 -9.89059 8.92398
-23.1923 -24.3452 21.8945
-16.7838 -17.6379 15.9024
-19.0388 -19.9204 18.0381
-2.54473 -2.66305 2.41951
-24.2638 -25.4168 23.1336
-10.4263 -10.9838 9.95792
-7.64222 -8.02009 7.25529
-8.51298 -8.9435 8.08769
-7.48204 -7.82817 7.1067
-5.27963 -5.52333 5.01936
-3.1534 -3.3152 3.00513
-3.59614 -3.76849 3.42679
-6.6034 -6.9128 6.29676
-12.6292 -13.2649 12.0394
-29.6553 -31.024 28.2087
-31.8288 -33.3176 30.3149
-14.0741 -14.764 13.4092
-27.5541 -29.044 26.2715
-11.9884 -12.5949 11.4698
-10.2207 -10.7325 9.76807
-18.1249 -19.119 17.4176
-5.15936 -5.43247 4.95487
-4.24243 -4.45574 4.07673
-7.38721 -7.77617 7.09716
-21.4263 -22.5663 20.5065
-12.5352 -13.2491 12.0512
-26.5073 -27.9541 25.4559
-3.99917 -4.22065 3.84829
-4.40198 -4.65078 4.23742
-12.5434 -13.255 12.1316
-31.096 -32.9317 30.0178
-11.7784 -12.4685 11.3684
-27.3875 -28.8388 26.4101
-21.2729 -22.5657 20.5821
-30.1844 -31.7857 29.2057
-2.80918 -2.97738 2.72798
-1.57458 -1.67455 1.53412
-5.6026 -5.95062 5.45405
-17.0363 -17.9973 16.5026
-28.3041 -30.0372 27.5201
-27.5235 -29.0119 26.6665
-28.1851 -29.7651 27.395
-17.2024 -18.2722 16.8017
-7.10662 -7.52991 6.95986
-1.97039 -2.08635 1.92647
-4.54823 -4.8459 4.45331
-7.73007 -8.18044 7.54553
-31.9601 -34.0241 31.2872
-15.2138 -16.1959 14.8629
-3.74851 -3.99556 3.67976
-3.11566 -3.31352 3.06361
-5.74683 -6.13134 5.64356
-6.57424 -6.98355 6.45672
-12.1499 -12.9483 11.9637
-8.05811 -8.58258 7.93443
-4.72952 -5.0151 4.64564
-7.78423 -8.31019 7.66882
-5.02286 -5.3314 4.93522
-4.7533 -5.082 4.6897
-23.1583 -24.6816 22.7699
-19.0913 -20.278 18.7946
-20.8327 -22.2223 20.5273
-8.88777 -9.48652 8.79498
-6.8702 -7.3176 6.81345
-8.39712 -8.96123 8.31776
-7.08932 -7.54532 7.01783
-19.501 -20.7376 19.2873
-18.526 -19.7226 18.3297
-21.2081 -22.6419 21.0004
-20.6439 -22.0423 20.4505
-24.1756 -25.7858 23.9998
-31.2571 -33.4099 30.8928
-1.69444 -1.80726 1.69088
-8.98611 -9.6161 8.94657
-8.85687 -9.48458 8.80508
-9.01747 -9.62785 8.96438
-8.82766 -9.44364 8.8104
-7.6458 -8.16673 7.64381
-10.0816 -10.7631 10.0309
-11.3216 -12.0585 11.2462
-12.3281 -13.2258 12.3115
-12.4955 -13.3052 12.4272
-13.582 -14.5637 13.5388
-17.4595 -18.6911 17.4159
-17.1183 -18.2596 17.0865
-19.4213 -20.811 19.3206
-2.35575 -2.5239 2.36665
-26.8816 -28.8051 27.0312
-2.85344 -3.06649 2.8655
-4.29731 -4.61402 4.30432
-5.38638 -5.7891 5.41041
-13.6137 -14.5628 13.6962
-11.2442 -12.0509 11.3121
-16.7971 -18.0528 16.8482
-17.3317 -18.5365 17.3854
-17.9379 -19.2746 18.0053
-17.1713 -18.4808 17.2798
-20.724 -22.3093 20.8782
-3.96817 -4.26502 3.99843
-3.28152 -3.5227 3.30969
-3.34757 -3.58938 3.38612
-3.11548 -3.34952 3.1558
-8.95271 -9.63985 9.03691
-7.04115 -7.56328 7.09879
-6.21862 -6.67089 6.28273
-7.30081 -7.84294 7.38383
-21.6917 -23.3635 21.9781
-13.1477 -14.1295 13.25
-10.8601 -11.6618 10.9685
-16.5305 -17.8088 16.705
-10.5287 -11.3031 10.6474
-22.5923 -24.184 22.7699
-14.4859 -15.6288 14.6518
-13.285 -14.2813 13.4353
-14.3091 -15.4435 14.4809
-2.2424 -2.41249 2.27365
-4.49499 -4.85976 4.56515
-5.3381 -5.74423 5.40986
-6.0937 -6.55445 6.17791
-7.16032 -7.6988 7.29217
-7.29423 -7.8453 7.43314
-13.8615 -14.9607 14.0712
-11.4826 -12.388 11.6779
-13.2074 -14.2204 13.3887
-13.4102 -14.4034 13.594
-21.0424 -22.7279 21.3483
-14.0106 -15.0326 14.2067
-28.0259 -30.1116 28.4244
-31.4708 -33.9323 32.0376
-2.37928 -2.57277 2.42869
-7.75736 -8.37798 7.92903
-2.16067 -2.33357 2.21612
-3.20142 -3.45559 3.27986
-6.64433 -7.16618 6.79706
-7.08081 -7.66767 7.24779
-4.08418 -4.40831 4.16924
-9.10429 -9.85952 9.29824
-5.74539 -6.20384 5.87148
-8.77907 -9.48816 8.97767
-10.255 -11.0649 10.4856
-12.3537 -13.3913 12.6215
-25.75 -27.7263 26.3197
-2.57921 -2.79655 2.66154
-27.9258 -30.3571 28.8326
-19.9627 -21.7287 20.6162
-6.33929 -6.87766 6.54714
-6.47473 -7.04655 6.6784
-6.90676 -7.47719 7.10749
-10.4414 -11.2898 10.7211
-10.1714 -11.0441 10.4959
-29.932 -32.5676 30.8803
-22.642 -24.625 23.3725
-3.55279 -3.85776 3.68878
-16.0201 -17.3996 16.639
-9.14771 -9.89473 9.45553
-18.5773 -20.197 19.2335
-4.92559 -5.37814 5.12431
-10.9434 -11.871 11.3705
-8.62135 -9.38391 8.96495
-19.3138 -20.8935 19.9754
-11.9778 -13.0453 12.4015
-21.5864 -23.3712 22.3396
-15.5087 -16.8276 16.0812
-29.8233 -32.4452 30.9937
-15.8207 -17.2701 16.4413
-3.30339 -3.596 3.44073
-1.70767 -1.85188 1.77711
-2.12397 -2.30987 2.21884
-26.532 -28.8177 27.6006
-6.12011 -6.69082 6.39089
-5.08923 -5.56725 5.31585
-6.39189 -6.94974 6.67564
-12.7519 -13.9319 13.3086
-27.3419 -29.7691 28.4535
-31.0663 -33.7688 32.3699
-12.9345 -14.1157 13.4616
-30.9539 -33.823 32.3699
-19.5805 -21.3215 20.371
-22.3899 -24.52 23.4405
-2.51626 -2.7528 2.64248
-5.62384 -6.15896 5.89897
-6.55962 -7.17339 6.90129
-6.41662 -7.04434 6.75784
-15.4601 -16.8627 16.2436
-12.9551 -14.1807 13.6143
-1.30041 -1.4266 1.37284
-3.29582 -3.61874 3.47764
-9.70553 -10.6602 10.2355
-5.19117 -5.69824 5.47965
-9.45853 -10.3884 10.0063
-5.44347 -5.97296 5.76484
-7.41483 -8.15065 7.86033
-8.60311 -9.43759 9.1224
-3.1216 -3.42165 3.29775
-10.8195 -11.8251 11.4174
-10.3844 -11.4035 10.966
-16.773 -18.3712 17.6975
-15.6893 -17.2532 16.5971
-25.6223 -28.0492 27.0615
-30.2564 -33.21 32.0809
-11.0891 -12.1257 11.7344
-3.37455 -3.72166 3.58962
-3.41035 -3.73797 3.62253
-6.68697 -7.3723 7.1368
-28.9551 -31.8281 30.7552
-15.7387 -17.3588 16.7713
-28.0725 -30.8042 29.9391
-14.6213 -16.0116 15.5627
-23.4148 -25.7646 24.9865
-1.7704 -1.94245 1.89424
-6.95259 -7.6512 7.42745
-10.0996 -11.1681 10.8317
-8.54694 -9.39066 9.15952
-11.9287 -13.1727 12.7962
-9.46669 -10.453 10.152
-26.5925 -29.2767 28.4387
-11.7026 -12.8566 12.5324
-27.6721 -30.4694 29.6186
-23.5408 -26.0024 25.2517
-20.4448 -22.5045 21.9324
-13.8345 -15.2463 14.857
-11.6802 -12.8713 12.4788
-3.03471 -3.34369 3.27299
-6.25451 -6.91838 6.72577
-5.64834 -6.23042 6.07331
-5.71684 -6.32583 6.16455
-8.02893 -8.88651 8.65838
-9.46388 -10.4857 10.1901
-12.65 -13.9447 13.623
-19.1476 -21.0688 20.6099
-27.1691 -29.928 29.2553
-27.0043 -29.7469 29.0515
-5.68009 -6.26016 6.14129
-8.52857 -9.42641 9.25835
-10.4907 -11.6191 11.3573
-11.6612 -12.9027 12.6808
-10.6971 -11.8743 11.6157
-11.456 -12.6812 12.3958
-27.8541 -30.9446 30.2251
-19.9213 -22.1687 21.6663
-1.57139 -1.75064 1.71309
-3.76089 -4.1877 4.10467
-3.05178 -3.38505 3.33365
-4.48256 -4.9637 4.88138
-9.7223 -10.8145 10.5855
-4.38288 -4.86139 4.77127
-11.6097 -12.906 12.7125
-28.5364 -31.7305 31.1536
-17.2733 -19.155 18.8596
-20.3706 -22.671 22.2724
-18.1563 -20.1769 19.8751
-14.8908 -16.5779 16.228
-26.9556 -30.1004 29.5321
-2.20897 -2.46801 2.4313
-5.43142 -6.05463 5.95822
-18.5882 -20.6791 20.3743
-18.3588 -20.3424 20.0983
-20.7181 -23.2085 22.9392
-2.20886 -2.46966 2.449
-5.64826 -6.32749 6.24259
-14.7749 -16.4829 16.319
-8.76233 -9.80165 9.68587
-5.2992 -5.93082 5.86057
-9.33191 -10.4661 10.3345
-5.58798 -6.24408 6.18452
-9.3968 -10.4901 10.4126
-27.1688 -30.3013 29.9759
-15.7548 -17.5406 17.383
-13.5303 -15.0919 14.9468
-11.3591 -12.7366 12.5651
-2.96512 -3.3134 3.2995
-3.69728 -4.15944 4.12138
-14.6876 -16.4982 16.3383
-6.91789 -7.75851 7.70115
-4.18723 -4.69796 4.66972
-3.47504 -3.89028 3.87319
-10.2509 -11.4695 11.4247
-16.2412 -18.1983 18.0572
-21.6869 -24.2778 24.1148
-18.1853 -20.4461 20.2505
-15.9997 -17.9072 17.8051
-13.5816 -15.2665 15.1535
-14.124 -15.8625 15.7618
-1.62303 -1.82862 1.81976
-2.90781 -3.27212 3.26296
-5.69882 -6.37385 6.37414
-4.92522 -5.52411 5.5197
-6.9936 -7.84627 7.81917
-6.9137 -7.7485 7.7293
-16.5776 -18.6756 18.5385
-15.4584 -17.3282 17.3254
-16.2837 -18.2436 18.2629
-24.2368 -27.1423 27.1715
-4.92123 -5.51853 5.54047
-8.78621 -9.91352 9.89564
-8.30605 -9.33593 9.34352
-8.98301 -10.1421 10.1328
-3.82293 -4.30303 4.31532
-3.7301 -4.20685 4.20768
-1.27997 -1.43827 1.44282
-10.1501 -11.3829 11.419
-14.4577 -16.3064 16.2734
-23.8694 -26.7735 26.8451
-14.395 -16.2222 16.1899
-27.0474 -30.3957 30.4513
-13.6238 -15.3019 15.3264
-15.0091 -16.915 16.9151
-13.7403 -15.5155 15.5169
-11.0844 -12.5253 12.5309
-15.5104 -17.5682 17.5687
-2.83672 -3.20155 3.22324
-9.97986 -11.2823 11.3137
-14.5557 -16.4643 16.5089
-10.9262 -12.3696 12.4106
-10.0843 -11.362 11.4364
-22.2584 -25.0705 25.3029
-24.4543 -27.5679 27.754
-29.4861 -33.3173 33.4354
-3.24665 -3.68093 3.69924
-2.59563 -2.93994 2.96041
-9.60974 -10.8709 10.9683
-6.42528 -7.28396 7.33096
-5.91817 -6.6797 6.76028
-9.12968 -10.3646 10.4286
-12.0958 -13.7097 13.8564
-10.8172 -12.2266 12.3318
-13.186 -14.8972 15.04
-12.9362 -14.6185 14.7675
-30.3108 -34.4608 34.6256
-1.41871 -1.60668 1.62939
-3.81403 -4.33127 4.3804
-3.86111 -4.37765 4.43752
-6.66311 -7.57358 7.68135
-10.6904 -12.1722 12.2947
-8.11624 -9.25183 9.35817
-14.2916 -16.2233 16.403
-19.2017 -21.9163 22.1248
-7.33483 -8.3628 8.50799
-21.2137 -24.1923 24.6206
-2.21146 -2.52365 2.56353
-3.76892 -4.28691 4.359
-18.2029 -20.6668 21.0773
-20.1146 -22.9818 23.2583
-11.1197 -12.6993 12.8473
-10.4167 -11.8629 12.0885
-10.3815 -11.8436 12.0276
-10.4359 -11.862 12.048
-27.5773 -31.3974 31.8248
-12.4686 -14.2242 14.3966
-12.874 -14.6835 14.8677
-17.8616 -20.3011 20.6548
-27.2882 -31.0773 31.5809
-19.8874 -22.6236 23.0565
-22.5871 -25.6861 26.2024
-26.6453 -30.3406 30.7821
-8.49212 -9.70705 9.87682
-8.75498 -10.0212 10.1941
-9.03585 -10.3473 10.5202
-4.03973 -4.60608 4.70059
-4.37141 -4.9962 5.10078
-7.43922 -8.53345 8.68637
-5.04116 -5.78593 5.89061
-10.1117 -11.5891 11.7723
-27.8557 -31.6805 32.3426
-15.7483 -17.937 18.3316
-23.2378 -26.6139 27.2738
-9.08541 -10.3948 10.6821
-24.8663 -28.4389 29.1092
-28.1308 -32.2225 33.0312
-24.5643 -28.0813 28.8101
-22.2231 -25.5075 26.0663
-27.7873 -31.9929 32.7311
-3.37434 -3.89088 3.98463
-6.81135 -7.84583 8.04222
-5.87549 -6.73741 6.94635
-13.8933 -16.0059 16.3788
-1.8101 -2.08686 2.15214
-6.46186 -7.43369 7.66992
-10.1184 -11.6477 12.0229
-18.8873 -21.8035 22.4101
-14.3433 -16.5767 17.0281
-24.4444 -28.2771 29.0841
-25.5422 -29.5504 30.4385
-20.9534 -24.1425 24.8945
-28.3148 -32.6806 33.6819
-27.5892 -31.8471 32.8277
-1.29966 -1.50715 1.55236
-2.69817 -3.12892 3.22611
-13.5867 -15.781 16.2757
-2.38738 -2.77134 2.86407
-7.78821 -8.99717 9.28582
-6.52155 -7.50463 7.78273
-9.56367 -11.029 11.4109
-8.99438 -10.3423 10.7183
-16.4865 -19.1083 19.6857
-19.6607 -22.8135 23.5621
-6.42507 -7.44914 7.71298
-10.2977 -11.8966 12.3573
-8.18568 -9.50828 9.85341
-13.8078 -15.9943 16.6025
-24.6805 -28.5603 29.7011
-11.0828 -12.8208 13.3133
-13.5364 -15.7025 16.3287
-26.7798 -31.0509 32.1722
-6.84327 -7.96429 8.28829
-9.06589 -10.5387 10.9748
-9.74842 -11.3672 11.8078
-9.99221 -11.6344 12.1254
-17.0428 -19.8734 20.6303
-10.1312 -11.7968 12.3059
-23.911 -27.9278 29.0807
-27.6267 -31.9981 33.3624
-9.74725 -11.3413 11.8645
-1.72842 -2.01734 2.11076
-1.55311 -1.8189 1.89809
-3.70574 -4.30625 4.51018
-10.3946 -12.137 12.6486
-18.6196 -21.6189 22.6321
-13.8926 -16.1568 16.9216
-15.8399 -18.4123 19.3273
-22.0608 -25.7705 26.9715
-23.0054 -26.9654 28.1243
-1.70763 -1.99234 2.09918
-2.1123 -2.4798 2.60096
-3.77428 -4.39323 4.62086
-24.8173 -29.012 30.4774
-7.94849 -9.3067 9.77155
-5.91519 -6.91796 7.27267
-8.81482 -10.2893 10.845
-7.29404 -8.56781 8.97516
-24.6718 -28.769 30.1806
-10.7411 -12.5328 13.1983
-11.6913 -13.659 14.3084
-20.1299 -23.5803 24.6788
-26.3012 -30.7559 32.2342
-14.0692 -16.3713 17.2081
-24.5874 -28.7397 30.1014
-13.5408 -15.8264 16.5844
-26.6698 -31.2839 32.789
-10.8012 -12.6196 13.2858
-4.08198 -4.78705 5.03666
-8.20241 -9.62055 10.1185
-7.60401 -8.91701 9.38316
-15.0301 -17.6266 18.5398
-2.19396 -2.56429 2.70503
-5.79877 -6.80639 7.17387
-4.38188 -5.12866 5.4087
-8.36829 -9.81641 10.313
-8.04881 -9.44743 9.97177
-22.666 -26.5706 27.9419
-22.4761 -26.4671 27.7659
-25.7612 -30.2061 31.8091
-21.6695 -25.5148 26.8154
-20.1712 -23.5845 24.9353
-12.986 -15.2627 16.0964
-1.50608 -1.76416 1.8683
-1.99874 -2.33968 2.47675
-18.8029 -22.1209 23.39
-6.25323 -7.36251 7.76744
-5.11024 -6.02588 6.36945
-11.4884 -13.5074 14.2539
-9.11853 -10.7261 11.3675
-17.4519 -20.5154 21.672
-11.9501 -14.0309 14.8369
-16.1831 -19.057 20.1422
-16.9455 -19.933 21.1901
-7.29194 -8.61722 9.14598
-6.7744 -8.0161 8.46642
-25.0634 -29.6586 31.3039
-21.5509 -25.4823 27.021
-3.40211 -4.0192 4.27589
-7.61291 -8.99281 9.6011
-10.2997 -12.2158 12.9569
-13.1591 -15.557 16.5363
-23.3126 -27.6411 29.3562
-24.5458 -28.9422 30.8798
-22.6207 -26.7632 28.502
-24.606 -29.1701 31.0496
-1.86176 -2.2034 2.36155
-1.41344 -1.67428 1.79613
-5.33855 -6.32098 6.75056
-6.22231 -7.40753 7.87786
-6.12748 -7.246 7.75188
-6.48826 -7.71867 8.21884
-4.09431 -4.88346 5.20378
-11.1364 -13.2297 14.1622
-8.75452 -10.3789 11.0755
-13.782 -16.3886 17.5247
-27.5955 -32.8124 34.9354
-9.45516 -11.2552 12.0844
-6.14063 -7.3382 7.8308
-4.51504 -5.39409 5.75912
-5.8497 -6.98203 7.4797
-7.28062 -8.66117 9.29361
-8.61133 -10.2807 11.0092
-9.34655 -11.1414 11.9079
-10.1247 -12.1025 12.9708
-20.8351 -24.8159 26.6419
-5.33619 -6.38658 6.86118
-4.65033 -5.54993 5.98247
-28.0686 -33.6 36.0178
-23.0842 -27.5793 29.6279
-25.8533 -30.9549 33.2005
-19.9095 -23.7792 25.5552
-11.8744 -14.1507 15.2388
-20.6782 -24.6525 26.4971
-10.9527 -13.1437 14.0907
-17.6954 -21.1933 22.7913
-14.2189 -17.0483 18.3343
-18.6919 -22.3667 24.1657
-8.74702 -10.5289 11.3247
-5.4304 -6.51816 7.03056
-16.7748 -20.104 21.6832
-12.358 -14.8752 16.0457
-12.0693 -14.5313 15.7187
-4.16532 -4.98685 5.4049
-17.2532 -20.6617 22.3913
-15.4156 -18.5431 20.0938
-11.9576 -14.3281 15.5801
-24.3366 -29.3172 31.7646
-3.58566 -4.34787 4.71475
-10.1744 -12.2398 13.2968
-23.257 -28.0114 30.5202
-13.1584 -15.9526 17.3041
-1.55246 -1.87574 2.04585
-7.52503 -9.12037 9.90593
-5.39693 -6.5009 7.09666
-12.6121 -15.2037 16.6179
-12.449 -15.0237 16.3725
-25.9391 -31.2514 34.1025
-23.0091 -27.9269 30.3276
-15.3751 -18.5632 20.3262
-7.141 -8.64912 9.50738
-7.73176 -9.36164 10.2599
-5.54671 -6.71348 7.37033
-10.8011 -13.1308 14.3441
-10.3911 -12.6468 13.8312
-9.65522 -11.7504 12.8671
-18.7874 -22.8174 24.9356
-17.026 -20.7336 22.6226
-16.8364 -20.3816 22.3342
-16.5371 -20.137 21.9811
-23.7293 -28.7543 31.5523
-17.2881 -20.9285 23.0075
-12.4019 -15.0034 16.4123
-16.237 -19.6621 21.6163
-1.15258 -1.40037 1.53609
-5.06544 -6.18019 6.7565
-7.26747 -8.80877 9.69896
-4.74394 -5.79332 6.3438
-7.81735 -9.52584 10.4541
-8.90714 -10.884 11.9318
-7.49485 -9.12957 10.0432
-11.3953 -13.8759 15.2648
-25.3207 -30.7061 33.7371
-22.2599 -26.9981 29.7209
-24.0449 -29.215 32.1452
-21.1185 -25.8031 28.273
-14.2661 -17.372 19.0983
-26.231 -32.0427 35.1459
-1.35862 -1.6559 1.82238
-5.48813 -6.68894 7.37007
-3.87029 -4.74099 5.20347
-3.3632 -4.11486 4.52238
-7.93022 -9.65144 10.6547
-3.87178 -4.72866 5.20858
-8.98866 -10.9742 12.097
-7.19843 -8.76377 9.68362
-7.51487 -9.1839 10.1406
-3.54464 -4.34626 4.78879
-22.516 -27.5812 30.3194
-11.3644 -13.816 15.2458
-12.0836 -14.7653 16.2193
-12.4641 -15.2711 16.7706
-18.6005 -22.7929 25.0676
-12.9019 -15.8349 17.3976
-16.5194 -20.2724 22.3012
-15.5095 -18.9052 20.8872
-2.7029 -3.31453 3.65615
-2.13129 -2.62258 2.89428
-8.27966 -10.1251 11.2097
-5.07083 -6.23151 6.86922
-6.84632 -8.39396 9.29745
-5.45766 -6.71326 7.41805
-4.07105 -4.97595 5.52729
-11.8184 -14.4214 15.9778
-13.8967 -17.0223 18.7903
-13.3875 -16.3375 18.077
-22.0049 -27.0108 29.7536
-18.8352 -23.087 25.5307
-22.5356 -27.6077 30.5115
-13.6754 -16.6907 18.4992
-24.8823 -30.4192 33.6635
-14.1868 -17.4251 19.2219
-17.9117 -21.9355 24.2747
-25.995 -31.9909 35.3561
-25.077 -30.7086 34.048
-16.3057 -20.0201 22.2837
-1.71656 -2.10497 2.34644
-9.23708 -11.3045 12.5569
-9.73045 -11.9498 13.2908
-12.4263 -15.2839 16.9227
-22.9673 -28.192 31.2684
-23.4037 -28.6419 31.8785
-15.3588 -18.873 20.9461
-20.3681 -25.1201 27.8083
-16.6101 -20.4887 22.7245
-1.92669 -2.37084 2.6418
-1.6664 -2.05174 2.28678
-4.8968 -6.01684 6.71112
-4.08099 -5.02909 5.58884
-23.5089 -28.9618 32.2196
-11.2134 -13.8599 15.4012
-14.9922 -18.5512 20.6436
-12.5982 -15.5495 17.3146
-19.2907 -23.8283 26.5305
-15.5785 -19.2344 21.4449
-1.64389 -2.04136 2.27327
-8.76786 -10.9049 12.1673
-15.3761 -18.9632 21.1943
-18.6412 -23.1193 25.7634
-26.7336 -32.9646 36.9538
-11.1056 -13.7804 15.3826
-1.85699 -2.29895 2.57475
-5.03678 -6.21934 6.98015
-8.582 -10.6476 11.941
-17.049 -21.2301 23.7592
-12.3756 -15.3958 17.2024
-16.5909 -20.637 23.0622
-17.4687 -21.7944 24.3819
-25.5153 -31.7546 35.5656
-7.56204 -9.38325 10.581
-5.50762 -6.84619 7.73285
-26.3112 -32.7247 36.8915
-11.298 -14.1404 15.8682
-3.26293 -4.08809 4.59756
-2.07887 -2.58757 2.93172
-5.98795 -7.4736 8.43925
-5.51893 -6.93089 7.8053
-9.56232 -11.9643 13.5004
-16.2391 -20.3245 22.843
-26.5873 -33.0701 37.3649
-26.1525 -32.6808 36.8044
-17.3832 -21.7268 24.4684
-17.1637 -21.3496 24.1446
-20.3737 -25.4959 28.7994
-17.8424 -22.3014 25.1992
-16.2272 -20.2651 22.8922
-5.03955 -6.32235 7.1698
-8.14524 -10.1612 11.5319
-7.04393 -8.78671 9.962
-13.8666 -17.3485 19.6174
-24.8312 -31.2776 35.3521
-23.2655 -29.3191 33.1353
-8.21274 -10.3715 11.7629
-7.97494 -10.0479 11.4236
-8.64098 -10.8871 12.3775
-2.23765 -2.82804 3.20523
-1.66816 -2.10458 2.39133
-3.4753 -4.3819 4.96972
-8.80411 -11.0755 12.5592
-8.41525 -10.5676 12.0277
-5.14892 -6.4777 7.37369
-11.7272 -14.7785 16.7796
-19.9859 -25.1463 28.5412
-16.6109 -20.8509 23.7911
-5.79224 -7.31729 8.31453
-5.94255 -7.5 8.53454
-5.7273 -7.22593 8.24824
-11.6411 -14.6213 16.6887
-10.2353 -12.964 14.7434
-11.539 -14.5043 16.5363
-20.5482 -26.0111 29.5763
-26.0807 -32.9699 37.6167
-25.4211 -32.2461 36.7054
-3.2528 -4.12291 4.70013
-3.36613 -4.26506 4.88834
-7.25682 -9.22751 10.5244
-6.33221 -7.99737 9.17367
-8.80282 -11.1463 12.7369
-6.52183 -8.25259 9.43897
-10.4957 -13.228 15.1769
-23.8895 -30.253 34.6022
-22.7306 -28.6967 32.932
-3.08151 -3.91364 4.48255
-3.41814 -4.32658 4.98247
-1.83126 -2.33226 2.66847
-3.24917 -4.14057 4.74246
-8.02209 -10.1583 11.6794
-4.18707 -5.31216 6.10113
-7.16072 -9.12506 10.4778
-9.74761 -12.3505 14.2212
-10.533 -13.3911 15.4041
-23.8921 -30.2241 34.7152
-23.4447 -29.6675 34.0756
-23.5027 -29.8638 34.2462
-21.9638 -27.9166 32.0607